<reference>NuMad format, 73 pts.</reference>	
<coords>	
1.000000000	0.000000000
1.000000000	-0.000370000
0.987686150	0.000820030
0.968787470	0.002457750
0.951675360	0.003773840
0.931175300	0.005134780
0.907524560	0.005996930
0.881009700	0.005957990
0.851890260	0.004815360
0.820513490	0.002355990
0.787191530	-0.001557470
0.752252340	-0.007037460
0.716044920	-0.013980640
0.678906190	-0.022307120
0.641147520	-0.031776330
0.603088000	-0.041968040
0.565030900	-0.052357040
0.527248670	-0.062340330
0.489992360	-0.071474570
0.453492500	-0.079110590
0.417956070	-0.084960130
0.383560930	-0.089038590
0.350457320	-0.091493430
0.318774100	-0.092474350
0.288611290	-0.092161200
0.260041460	-0.090752970
0.233123440	-0.088465680
0.207883280	-0.085448320
0.184341250	-0.081824660
0.162499180	-0.077733950
0.142331760	-0.073294030
0.123806440	-0.068648410
0.091523400	-0.059015180
0.065187870	-0.049389370
0.044300350	-0.040207280
0.028220010	-0.031629770
0.016392190	-0.023834640
0.008219410	-0.016913260
0.003098790	-0.010647410
0.000964480	-0.004040200
0.000000000	0.000000000
0.000963330	0.004621800
0.003089980	0.012278900
0.006631280	0.018389650
0.013966200	0.027684210
0.021680710	0.035307620
0.035394840	0.046271130
0.048575810	0.055034410
0.070469200	0.067199180
0.090429020	0.076474180
0.113658760	0.085645430
0.140354650	0.094412800
0.170658190	0.102464810
0.204657630	0.109434880
0.242377800	0.114820510
0.283765800	0.117889590
0.328658460	0.118381140
0.376811230	0.115904060
0.427843230	0.110806240
0.481251550	0.103312350
0.536417630	0.093994300
0.592596730	0.083220370
0.648926780	0.071430430
0.704445390	0.059358460
0.758125460	0.047662710
0.808894550	0.036876730
0.855652760	0.027349730
0.897361210	0.019180070
0.933012840	0.012524160
0.961743130	0.007407990
0.976664220	0.004833190
0.988028440	0.002914090
1.000000000	0.000940000
</coords>	
